5188385007 328811 2601394344 2601553188
5199723387 12583 2607219484 2607378592
5197150348 24220 2605927592 2606086680
5194028166 21006 2604368076 2604527040
5203851259 374687 2609103336 2609262572
5198004584 21248 2606355252 2606514300
5201975730 22062 2608341308 2608500624
5198517375 26547 2606609812 2606768964
5197853393 27641 2606278664 2606437788
5192537355 27111 2603619696 2603778536
5199153202 18214 2606931968 2607090992
5187821109 28365 2601260808 2601419632
5195352532 31700 2605024796 2605183708
5195590329 28389 2605145336 2605304420
5192841183 527931 2603522504 2603681368
5201785136 17748 2608248620 2608407832
5206321826 22686 2610513804 2610673172
5208669819 19439 2611689912 2611849200
5194441849 21429 2604574408 2604733432
5202933232 16900 2608823436 2608982676
5188204769 27241 2601452992 2601611776
5211405664 20376 2613056860 2613216328
5203309446 23562 2609007528 2609166780
5205716045 18077 2610213360 2610372624
5206594880 34740 2610644240 2610803576
5201560988 16392 2608136944 2608296132
5191239702 22334 2602973672 2603132536
5200387422 23162 2607546372 2607705540
5199783037 36445 2607237692 2607396832
5193142044 25220 2603922540 2604081480
5198555831 26215 2606630532 2606789672
5201857577 24033 2608282092 2608441184
5201897604 22620 2608302040 2608461196
5188282772 29908 2601491088 2601649892
5200703282 13690 2607709416 2607868580
5198484599 16863 2606598796 2606757872
5181623785 18077 2598168396 2598326952
5189933964 31740 2602314896 2602473740
5211648806 25726 2613175564 2613335052
5202482183 21975 2608594540 2608753744
5180448582 22098 2597579492 2597738028
5190119016 33216 2602407996 2602566856
5211495998 27150 2613099636 2613259124
5212801069 18189 2613755380 2613914928
5191801811 8643 2603261396 2603420316
5192815317 60525 2603742400 2603901280
5218741014 19626 2616724968 2616884720
5197230299 20443 2605969452 2606128504
5199616958 47790 2607149300 2607308436
5215399301 58797 2615034964 2615194532
82038332 1644 48542200 48545212
427258027 1395 221252372 221265936
0 0 0 0
18 0 5 0
4409032 2196128 0 0
224 0 54 0
397921701 52061 200091722 199835288
4874 0 1126 0
0 0 0 0
282343048 0 297234444 0
128064040 0 142955204 0
120931228 0 135824020 0
91390844 0 106282216 0
0 0 0 0
