5191937938 13922 2596173784 2596015336 65536 
5174724235 27343 2587556380 2587398400 65536 
5175344656 36648 2587862552 2587704712 65536 
5179225821 22969 2589806072 2589647980 65536 
5182337773 81441 2591340008 2591181872 65536 
5194603426 13174 2597505416 2597346888 65536 
5195797709 47473 2598083128 2597924600 65536 
5167079473 33165 2583730364 2583572668 65536 
5181791910 80214 2591063948 2590905680 65536 
5196256237 26397 2598323788 2598165216 65536 
5198719895 23215 2599557092 2599398500 65536 
5181839189 16173 2591118672 2590960548 65536 
5214848441 42641 2607613784 2607454580 65536 
5197760468 95216 2599041768 2598883140 65536 
5210043350 46550 2605207736 2605048744 65536 
5216655757 41533 2608516468 2608357492 65536 
5195684967 37923 2598030920 2597872348 65536 
5199084898 115402 2599693180 2599534516 65536 
5231865287 47283 2616119068 2615959448 65536 
5209783933 96581 2605051220 2604892204 65536 
5198419713 110589 2599363584 2599204836 65536 
5200384038 46798 2600373728 2600214948 65536 
5231114133 52261 2615746800 2615587096 65536 
5200799318 32982 2600592200 2600433508 65536 
5198143684 44420 2599256788 2599098144 65536 
5208601023 42463 2604486804 2604327860 65536 
5205037996 610596 2602417996 2602259104 65536 
5220737297 31801 2610561124 2610401796 65536 
5197530073 58289 2598949020 2598790456 65536 
5225705153 40545 2613042344 2612882912 65536 
5196618644 108960 2598463764 2598305232 65536 
5211178172 42932 2605779104 2605619912 65536 
5195713838 46938 2598043428 2597884944 65536 
5233229706 38190 2616803736 2616644068 65536 
5215417531 31703 2607905244 2607746080 65536 
5182349905 42117 2591362096 2591203896 65536 
5199323620 53380 2599842868 2599684136 65536 
5225222321 27625 2612803844 2612644276 65536 
5226856915 40599 2613619528 2613459944 65536 
5212723030 105458 2606518556 2606359520 65536 
5213602452 76900 2606969420 2606810252 65536 
5195515042 43066 2597946956 2597788344 65536 
5198420386 38878 2599398240 2599239700 65536 
5195962223 47959 2598166348 2598007740 65536 
5213282322 63734 2606818988 2606659684 65536 
5207359430 142802 2603816384 2603657480 65536 
5200834839 40907 2600611064 2600452304 65536 
5204422534 57174 2602392368 2602233476 65536 
5230585436 48848 2615478704 2615319068 65536 
5215059760 112264 2607682756 2607523724 65536 
